# 0 : 三角形格子 ---   0   1   3 
0.000 0.000
0.500 0.000
0.000 0.500
0.000 0.000

# 1 : 三角形格子 ---   1   4   3 
0.500 0.000
0.500 0.500
0.000 0.500
0.500 0.000

# 2 : 三角形格子 ---   1   2   4 
0.500 0.000
1.000 0.000
0.500 0.500
0.500 0.000

# 3 : 三角形格子 ---   2   5   4 
1.000 0.000
1.000 0.500
0.500 0.500
1.000 0.000

# 4 : 三角形格子 ---   3   4   6 
0.000 0.500
0.500 0.500
0.000 1.000
0.000 0.500

# 5 : 三角形格子 ---   4   7   6 
0.500 0.500
0.500 1.000
0.000 1.000
0.500 0.500

# 6 : 三角形格子 ---   4   5   7 
0.500 0.500
1.000 0.500
0.500 1.000
0.500 0.500

# 7 : 三角形格子 ---   5   8   7 
1.000 0.500
1.000 1.000
0.500 1.000
1.000 0.500

